1234#12_01975	1234#1_01317	100.00	60	0	0	1	60	30	89	8e-38	 123
1234#1_01317	1234#1_01317	100.00	89	0	0	1	89	1	89	1e-60	 182
1234#20_01662	1234#1_01317	100.00	37	0	0	1	37	53	89	3e-20	77.4
1234#3_01167	1234#1_01317	98.33	60	1	0	1	60	30	89	2e-37	 122
6259_6#6_02209	6259_7#20_00601	99.71	684	2	0	1	684	1427	2110	0.0	1415
6259_7#20_00601	6259_7#20_00601	100.00	2110	0	0	1	2110	1	2110	0.0	4335
6593_5#7_01700	6259_7#20_00601	99.72	1057	3	0	1	1057	1054	2110	0.0	2181
6630_2#15_02136	6259_7#20_00601	100.00	1015	0	0	1	1015	1096	2110	0.0	2104
6630_4#12_02032	6259_7#20_00601	100.00	1046	0	0	1	1046	1065	2110	0.0	2164
6631_2#21_02147	6259_7#20_00601	99.13	578	5	0	1	578	1533	2110	0.0	1199
6631_4#23_02060	6259_7#20_00601	100.00	1290	0	0	1	1290	821	2110	0.0	2663
6631_7#21_02171	6259_7#20_00601	97.37	684	0	1	1	666	1427	2110	0.0	1371
6664_1#10_02278	6259_6#6_02209	100.00	404	0	0	1	404	281	684	0.0	 838